8539
12118
15364
18809
22233
25321
28429
31009
35774
43094
46834
50416
53735
58294
62989
67081
71368
76793
80423
81121
84735
87883
91037
93537
98404
100847
106370
110114
119011
121134
125340
125986
132100
132554
135073
141420
143138
143984
145649
147961
150000
151765
153139
160191
162099
166884
170000
172237
179705
180897
181955
190368
190997
194265
198486
204143
205559
210300
215651
217845
228410
230864
237744
239747
244908
247721
251059
253542
258746
262099
264403
268692
269881
277115
279176
283086
288297
293471
297468
305833
312569
317457
320274
323317
346468
349359
352047
355141
356550
361539
363092
367027
370146
374800
380182
383188
389592
393850
396010
400418
417062
420442
424250
427191
430861
433951
437224
440541
449968
454879
458796
467451
468976
472943
475249
478887
480431
482437
484438
490380
492221
504345
507360
511176
512363
518193
521209
525305
527132
531739
533289
535988
537839
538896
546046
547954
551862
555772
560093
565247
570802
575495
587528
590625
597145
600679
605558
607347
609204
611864
615166
618896
628249
632894
636532
640373
642734
643913
648453
657344
659538
665097
667411
678771
682022
682777
686367
688591
690450
694584
709669
728378
744681
750329
753388
758554
761421
773406
775459
776671
782304
785818
790457
793751
800134
802716
811368
814409
818241
820063
824197
827325
830768
836679
842659
843706
846503
853295
855909
859957
864766
866751
868866
870945
876330
881395
883617
884343
885156
889898
891567
892994
894807
896884
898989
900331
906565
910172
913764
919942
922876
926372
929448
933004
936113
942137
952293
955810
963695
967505
975485
977850
984503
987697
989162
993594
1000448
1006585
1008952
1014207
1016560
1019202
1022799
1025707
1027086
1029890
1035302
1039525
1042999
1050258
1051027
1056104
1061747
1064084
1079663
1081715
1085545
1087569
1089044
1092878
1095628
1099893
1101900
1106456
1115412
1118533
1126984
1130713
1133009
1139133
1141234
1142096
1148020
1153329
1155297
1164274
1167086
1169278
1170771
1176712
1182924
1184852
1188291
1199861
1201690
1205030
1207340
1210954
1214877
1217113
1218941
1221717
1227959
1230978
1237067
1241537
1243960
1246972
1249270
1253482
1258913
1260850
1263768
1274609
1282587
1283512
1289196
1291449
1295028
1297153
1298919
1299836
1307773
1309983
1329519
1337243
1341632
1348937
1358322
1359945
1366056
1366922
1369739
1372846
1376773
1402608
1404255
1407689
1410082
1411680
1413966
1416963
1419326
1431164
1434253
1436223
1442820
1449434
1452547
1455439
1458074
1461331
1474381
1479720
1484109
1488649
1494157
1498476
1499435
1500908
1502591
1505849
1510032
1514904
1517013
1521048
1523229
1528428
1530773
1533272
1538412
1542815
1548861
1560100
1562175
1564518
1570982
1575927
1578136
1580693
1588895
1594448
1601943
1608462
1613006
1615485
1618762
1622519
1631310
1636198
1639420
1639420
1651637
1653990
1656377
1662239
1665406
1668534
1671593
1674012
1678605
1681734
1690936
1695135
1697956
1700617
1703752
1704537
1705726
1707455
1711473
1714008
1717114
1727356
1730030
1742056
1751360
1753453
1768065
1771293
1773219
1775953
1779549
1783523
1790572
1792947
1795877
1797231
1800774
1825269
1826070
1828522
1830952
1838541
1840972
1841903
1845560
1848258
1850335
1854997
1856643
1860091
1865363
1867559
1871721
1876817
1882520
1885386
1892051
1894960
1898294
1904106
1907140
1917953
1921588
1922902
1926593
1929874
1933143
1933928
1936831
1939060
1940999
1942906
1944907
1947189
1957618
1963905
1965118
1971561
1977366
1983050
1995517
1998246
1999591
2002049
2003316
2005399
2008374
2014613
2016901
2024080
2031024
2036567
2041479
2042946
2044966
2047730
2053060
2055728
2056578
2065707
2073593
2077286
2078425
2082184
2083168
2087456
2090839
2099673
2104883
2108810
2113940
2118126
2120216
2123397
2131193
2134234
2141598
2143238
2146166
2148357
2153550
2155672
2167155
2170397
2172491
2175758
2178665
2179455
2187321
2188114
2198416
2204644
2206963
2212460
2214846
2219016
2221287
2226640
2229220
2234118
2238330
2240163
2241369
2243809
2245500
2249686
2251870
2254998
2259401
2263737
2267137
2277179
2282098
2285049
2292627
2296427
2302780
2303501
2308138
2312408
2314316
2322734
2325762
2332022
2334723
2339089
2340720
2344154
2348033
2350921
2362069
2363514
2367223
2373680
2375515
2387722
2390662
2391054
2396767
2398805
2400451
2406604
2411951
2417403
2418358
2420700
2423843
2430027
2432113
2434319
2436631
2441281
2446115
2448234
2450724
2452406
2454838
2457738
2459900
2461257
2466027
2473694
2476409
2479671
2480376
2482711
2485800
2489634
2492101
2494697
2497335
2500319
2502450
2504084
2514608
2518692
2523144
2523854
2528929
2541335
2549720
2550627
2555039
2559033
2563427
2566218
2570369
2572923
2575261
2577909
2580421
2581478
2583484
2589717
2594054
2595804
2599889
2601376
2605346
2607227
2619614
2626535
2628817
2632613
2635776
2637501
2641937
2642939
2646968
2650690
2657900
2660846
2661956
2684077
2688239
2690440
2703985
2709354
2717221
2725161
2727578
2729306
2731922
2736844
2742323
2747256
2748328
2750894
2753956
2755161
2764086
2766044
2767336
2771037
2777568
2794259
2802444
2803529
2809414
2814321
2816036
2825306
2830379
2834305
2836087
2837255
2839925
2841846
2845139
2849234
2852086
2863850
2866181
2866294
2869292
2870005
2878684
2879394
2880948
2882702
2889143
2889992
2895937
2897854
2902072
2906503
2912323
2917943
2920808
2924494
2926071
2929760
2931960
2939716
2940415
2943196
2945599
2954045
2957411
2962582
2965023
2966686
2971729
2972915
2975429
2978054
2981537
2983999
2989514
2995216
2997879
3002290
3007536
3017834
3023163
3038767
3040703
3044064
3057755
3060799
3065698
3067497
3072196
3075723
3076377
3081685
3085431
3105006
3106884
3114633
3117327
3120789
3124272
3128054
3131039
3133886
3139075
3142010
3143425
3147425
3151905
3156911
3159422
3162678
3168498
3170158
3173579
3175476
3179559
3183183
3188823
3193220
3202866
3207562
3209064
3213516
3217231
3220204
3220861
3224567
3228607
3232574
3240408
3243564
3254027
3257776
3260680
3266071
3269429
3272513
3276165
3279435
3282685
3285835
